,pl_hostname,pl_letter,pl_name,pl_discmethod,pl_controvflag,pl_pnum,pl_orbper,pl_orbpererr1,pl_orbpererr2,pl_orbperlim,pl_orbsmax,pl_orbsmaxerr1,pl_orbsmaxerr2,pl_orbsmaxlim,pl_orbeccen,pl_orbeccenerr1,pl_orbeccenerr2,pl_orbeccenlim,pl_orbincl,pl_orbinclerr1,pl_orbinclerr2,pl_orbincllim,pl_bmassj,pl_bmassjerr1,pl_bmassjerr2,pl_bmassjlim,pl_bmassprov,pl_radj,pl_radjerr1,pl_radjerr2,pl_radjlim,pl_dens,pl_denserr1,pl_denserr2,pl_denslim,pl_ttvflag,pl_kepflag,pl_k2flag,ra_str,ra,dec_str,dec,st_dist,st_disterr1,st_disterr2,st_distlim,gaia_dist,gaia_disterr1,gaia_disterr2,gaia_distlim,st_optmag,st_optmagerr,st_optmaglim,gaia_gmag,gaia_gmagerr,gaia_gmaglim,st_teff,st_tefferr1,st_tefferr2,st_tefflim,st_mass,st_masserr1,st_masserr2,st_masslim,st_rad,st_raderr1,st_raderr2,st_radlim,rowupdate,pl_tranflag,pl_masse,pl_masseerr1,pl_masseerr2,pl_masselim,pl_trandur,pl_trandurerr1,pl_trandurerr2,pl_trandurlim,pl_tranmid,pl_tranmiderr1,pl_tranmiderr2,pl_tranmidlim,pl_imppar,pl_impparerr1,pl_impparerr2,pl_impparlim,pl_facility,st_j,st_jerr,st_jlim,st_h,st_herr,st_hlim,dec_str_deg
491,HIP 116454,b,HIP 116454 b,Transit,0,1,9.1205,0.0005,-0.0005,0.0,,,,,0.2,0.07,-0.07,0.0,88.43,0.4,-0.4,0.0,0.04,0.01,-0.01,0.0,Mass,0.22,0.01,-0.01,0.0,,,,,0,0,1,23h35m49.28s,353.955353,+00d26m43.9s,0.44551599999999997,62.56,0.18,-0.18,0.0,62.56,0.18,-0.18,0.0,10.19,0.009000000000000001,0.0,9.932,,0.0,5089.0,50.0,-50.0,0.0,0.81,0.11,-0.11,0.0,0.72,0.02,-0.02,0.0,2018-04-26,1,12.7132,3.1783,-3.1783,0.0,,,,,,,,,,,,,K2,8.604,0.021,0.0,8.14,0.033,0.0,0.4455277777777778
497,K2-3,b,K2-3 b,Transit,0,3,10.054626,1e-05,-1.1e-05,0.0,,,,,0.0,,,0.0,89.588,0.11599999999999999,-0.1,0.0,0.020390000000000002,0.0031100000000000004,-0.00293,0.0,Mass,,,,,3.7,1.67,-1.08,0.0,0,0,1,11h29m20.39s,172.334946,-01d27m17.2s,-1.454787,45.0,3.0,-3.0,0.0,44.13,0.11,-0.11,0.0,12.17,0.01,0.0,11.478,,0.0,3896.0,189.0,-189.0,0.0,0.6,0.09,-0.09,0.0,0.56,0.07,-0.07,0.0,2020-05-07,1,6.48,0.99,-0.93,0.0,,,,,2456813.41843,0.00041,-0.00041,0.0,0.22,0.05,-0.06,0.0,K2,9.421,0.027000000000000003,0.0,8.805,0.044000000000000004,0.0,-0.5452222222222223
498,K2-3,c,K2-3 c,Transit,0,3,24.646582,4.1e-05,-4e-05,0.0,,,,,0.0,,,0.0,89.905,0.066,-0.08800000000000001,0.0,0.00673,0.0034,-0.0032700000000000003,0.0,Mass,,,,,2.98,1.96,-1.5,0.0,0,0,1,11h29m20.39s,172.334946,-01d27m17.2s,-1.454787,45.0,3.0,-3.0,0.0,44.13,0.11,-0.11,0.0,12.17,0.01,0.0,11.478,,0.0,3896.0,189.0,-189.0,0.0,0.6,0.09,-0.09,0.0,0.56,0.07,-0.07,0.0,2020-05-07,1,2.14,1.08,-1.04,0.0,,,,,2456812.28018,0.00098,-0.001,0.0,0.09,0.08,-0.06,0.0,K2,9.421,0.027000000000000003,0.0,8.805,0.044000000000000004,0.0,-0.5452222222222223
499,K2-3,d,K2-3 d,Transit,0,3,44.55646,0.00011,-0.0001,0.0,,,,,0.0,,,0.0,89.788,0.033,-0.028999999999999998,0.0,0.00881,,,0.0,Mass,,,,,5.62,,,0.0,0,0,1,11h29m20.39s,172.334946,-01d27m17.2s,-1.454787,45.0,3.0,-3.0,0.0,44.13,0.11,-0.11,0.0,12.17,0.01,0.0,11.478,,0.0,3896.0,189.0,-189.0,0.0,0.6,0.09,-0.09,0.0,0.56,0.07,-0.07,0.0,2020-05-07,1,2.8,,,0.0,,,,,2456826.22346,0.00056,-0.00056,0.0,0.3,0.04,-0.05,0.0,K2,9.421,0.027000000000000003,0.0,8.805,0.044000000000000004,0.0,-0.5452222222222223
737,GJ 1214,b,GJ 1214 b,Transit,0,1,1.58040456,1.6e-07,-1.6e-07,0.0,0.01411,0.00032,-0.00032,0.0,,,,,88.17,0.54,-0.54,0.0,0.0197,0.0027,-0.0027,0.0,Mass,0.254,0.018000000000000002,-0.018000000000000002,0.0,1.49,0.33,-0.33,0.0,0,0,0,17h15m18.92s,258.828837,+04d57m50.1s,4.96392,14.65,0.04,-0.04,0.0,14.65,0.04,-0.04,0.0,15.1,0.6,0.0,13.009,,0.0,3026.0,150.0,-150.0,0.0,0.15,0.01,-0.01,0.0,0.22,0.01,-0.01,0.0,2015-12-03,1,6.26125,0.85814,-0.85814,0.0,,,,,2455320.5357330004,2.1e-05,-2.1e-05,0.0,,,,,MEarth Project,9.75,0.024,0.0,9.094,0.024,0.0,4.963916666666667
1140,K2-31,b,K2-31 b,Transit,0,1,1.25785,2e-06,-2e-06,0.0,0.022,0.0018,-0.0018,0.0,0.0,,,0.0,79.9,0.8,-0.8,0.0,1.774,0.079,-0.079,0.0,Mass,1.06,0.35,-0.35,0.0,,,,,0,0,1,16h21m45.78s,245.44075,-23d32m52.3s,-23.547864999999998,110.87,0.72,-0.72,0.0,110.87,0.72,-0.72,0.0,10.775,0.023,0.0,10.537,,0.0,5280.0,70.0,-70.0,0.0,0.91,0.06,-0.06,0.0,0.78,0.07,-0.07,0.0,2016-12-01,1,563.83042,25.10857,-25.10857,0.0,0.0409,0.0002,-0.0002,0.0,2457191.7088900004,0.00023999999999999998,-0.00023999999999999998,0.0,0.975,0.075,-0.075,0.0,K2,9.318,0.024,0.0,8.942,0.047,0.0,-22.452138888888886
1146,WASP-126,b,WASP-126 b,Transit,0,2,3.28883,3.71e-05,-3.71e-05,0.0,,,,,,,,,89.51,0.435,-0.435,0.0,0.28411,,,0.0,Mass,,,,,,,,,1,0,0,04h13m29.73s,63.373865,-69d13m36.5s,-69.226807,234.0,15.0,-15.0,0.0,217.89,0.94,-0.94,0.0,10.8,0.5,0.0,11.065999999999999,,0.0,5800.0,,,0.0,1.12,,,0.0,1.27,,,0.0,2019-12-05,1,90.3,,,0.0,,,,,,,,,,,,,SuperWASP-South,9.962,0.017,0.0,9.658999999999999,0.021,0.0,-68.77319444444444
1509,GJ 1132,b,GJ 1132 b,Transit,0,2,1.628931,2.7e-05,-2.7e-05,0.0,0.0153,0.0005,-0.0005,0.0,0.22,,,0.0,,,,0.0,0.005220000000000001,0.00072,-0.00072,0.0,Mass,0.10099999999999999,0.005,-0.005,0.0,6.3,1.3,-1.3,0.0,0,0,0,10h14m51.78s,153.71573700000002,-47d09m24.2s,-47.156727000000004,12.62,0.01,-0.01,0.0,12.62,0.01,-0.01,0.0,13.49,0.03,0.0,12.138,,0.0,3270.0,140.0,-140.0,0.0,0.18,0.02,-0.02,0.0,0.21,0.01,-0.01,0.0,2020-06-04,1,1.66,0.23,-0.23,0.0,,,,0.0,,,,0.0,,,,0.0,Cerro Tololo Inter-American Observatory,9.245,0.026000000000000002,0.0,8.666,0.031,0.0,-46.84327777777778
1512,K2-24,b,K2-24 b,Transit,0,2,20.88977,0.00034,-0.00035,0.0,,,,,0.06,0.01,-0.01,0.0,,,,,0.05977999999999999,0.00692,-0.0066099999999999996,0.0,Mass,0.48200000000000004,0.018000000000000002,-0.018000000000000002,0.0,0.64,0.12,-0.1,0.0,1,0,1,16h10m17.69s,242.573715,-24d59m25.2s,-24.990332000000002,171.39,1.35,-1.35,0.0,171.39,1.35,-1.35,0.0,11.07,0.11,0.0,10.907,,0.0,5625.0,60.0,-60.0,0.0,1.07,0.06,-0.06,0.0,1.16,0.04,-0.04,0.0,2018-12-13,1,19.0,2.2,-2.1,0.0,,,,,2456905.8855,0.0055,-0.0053,0.0,,,,,K2,9.635,0.024,0.0,9.294,0.021,0.0,-23.009666666666664
1513,K2-24,c,K2-24 c,Transit,0,2,42.3391,0.0012,-0.0012,0.0,,,,,0.07,,,1.0,,,,,0.04845,0.00598,-0.00566,0.0,Mass,0.669,0.027000000000000003,-0.027000000000000003,0.0,0.2,0.04,-0.03,0.0,1,0,1,16h10m17.69s,242.573715,-24d59m25.2s,-24.990332000000002,171.39,1.35,-1.35,0.0,171.39,1.35,-1.35,0.0,11.07,0.11,0.0,10.907,,0.0,5625.0,60.0,-60.0,0.0,1.07,0.06,-0.06,0.0,1.16,0.04,-0.04,0.0,2018-12-13,1,15.4,1.9,-1.8,0.0,,,,,2456915.4485,0.0078,-0.0079,0.0,,,,,K2,9.635,0.024,0.0,9.294,0.021,0.0,-23.009666666666664
1611,KELT-14,b,KELT-14 b,Transit,0,1,1.7100566,3.2e-06,-2.6e-06,0.0,0.03005,0.00031,-0.00031,0.0,0.0,,,0.0,78.3,0.3,-0.3,0.0,1.284,0.032,-0.032,0.0,Mass,1.743,0.047,-0.047,0.0,0.322,0.025,-0.025,0.0,0,0,0,07h13m12.36s,108.30148500000001,-42d24m35.1s,-42.409744,266.0,10.0,-10.0,0.0,251.93,1.55,-1.55,0.0,11.0,,0.0,10.838,,0.0,5720.0,130.0,-130.0,0.0,1.24,0.04,-0.04,0.0,1.52,0.03,-0.03,0.0,2016-06-03,1,408.09372,10.17056,-10.17056,0.0,0.09117,0.00082,-0.00082,0.0,2456665.22401,0.00021,-0.00021,0.0,0.8622,0.0071,-0.0071,0.0,KELT-South,9.808,0.021,0.0,9.487,0.022000000000000002,0.0,-41.590250000000005
1844,K2-18,b,K2-18 b,Transit,0,2,32.939623,9.5e-05,-0.0001,0.0,0.1429,0.006,-0.0065,0.0,0.2,0.08,-0.08,0.0,,,,,0.028069999999999998,0.00535,-0.00503,0.0,Mass,0.21100000000000002,0.02,-0.02,0.0,4.11,1.72,-1.18,0.0,0,0,1,11h30m14.51s,172.56045500000002,+07d35m18.2s,7.5883910000000006,38.07,0.08,-0.08,0.0,38.07,0.08,-0.08,0.0,13.495999999999999,0.05,0.0,12.415,,0.0,3457.0,39.0,-39.0,0.0,0.36,0.05,-0.05,0.0,0.41,0.04,-0.04,0.0,2019-03-21,1,8.92,1.7,-1.6,0.0,,,,,2457264.3914400004,0.00065,-0.00065,0.0,,,,,K2,9.763,0.027999999999999997,0.0,9.135,0.026000000000000002,0.0,7.588388888888889
2095,KELT-10,b,KELT-10 b,Transit,0,1,4.1662739,6.3e-06,-6.3e-06,0.0,0.0525,0.00086,-0.0009699999999999999,0.0,,,,,88.61,0.86,-0.74,0.0,0.679,0.039,-0.038,0.0,Mass,1.399,0.069,-0.049,0.0,0.308,0.033,-0.04,0.0,0,0,0,18h58m11.61s,284.548373,-47d00m11.7s,-47.003242,183.0,14.0,-14.0,0.0,189.39,2.16,-2.16,0.0,10.854000000000001,0.043,0.0,10.700999999999999,,0.0,5948.0,74.0,-74.0,0.0,1.11,0.06,-0.06,0.0,1.21,0.05,-0.04,0.0,2016-04-28,1,215.80657000000002,12.39537,-12.077539999999999,0.0,0.156,0.0016,-0.0012,0.0,2457066.72045,0.00027,-0.00027,0.0,0.23,0.11,-0.14,0.0,KELT-South,9.693,0.019,0.0,9.388,0.022000000000000002,0.0,-46.99675
2356,WASP-63,b,WASP-63 b,Transit,0,1,4.37808,6e-06,-6e-06,0.0,,,,,0.0,,,0.0,87.8,1.3,-1.3,0.0,0.37,0.09,-0.09,0.0,Mass,1.41,0.14,-0.14,0.0,,,,,0,0,0,06h17m20.74s,94.336431,-38d19m23.7s,-38.323257,293.13,2.04,-2.04,0.0,293.13,2.04,-2.04,0.0,11.2,,0.0,10.919,,0.0,5550.0,100.0,-100.0,0.0,1.28,0.42,-0.42,0.0,1.86,0.19,-0.19,0.0,2018-04-26,1,117.5971,28.6047,-28.6047,0.0,,,,,,,,,,,,,SuperWASP,9.818,0.024,0.0,9.463,0.021,0.0,-37.67675
2376,K2-39,b,K2-39 b,Transit,0,1,4.60543,0.00046,-0.00046,0.0,,,,,0.0,,,0.0,80.39,4.19,-4.19,0.0,0.09,0.05,-0.05,0.0,Mass,0.56,0.15,-0.15,0.0,,,,,0,0,1,22h33m28.41s,338.368378,-09d01m22.0s,-9.022769,310.14,4.7,-4.7,0.0,310.14,4.7,-4.7,0.0,10.83,0.08,0.0,10.595999999999998,,0.0,4881.0,20.0,-20.0,0.0,0.66,0.56,-0.56,0.0,2.97,0.77,-0.77,0.0,2018-04-26,1,28.6047,15.8915,-15.8915,0.0,,,,,,,,,,,,,K2,9.082,0.024,0.0,8.594,0.042,0.0,-8.977222222222222
2412,WASP-68,b,WASP-68 b,Transit,0,1,5.0843,1.5e-05,-1.5e-05,0.0,,,,,0.0,,,0.0,88.1,1.3,-1.3,0.0,1.08,0.25,-0.25,0.0,Mass,1.32,0.14,-0.14,0.0,,,,,0,0,0,20h20m22.99s,305.09578500000003,-19d18m52.8s,-19.31468,227.87,1.62,-1.62,0.0,227.87,1.62,-1.62,0.0,10.7,,0.0,10.409,,0.0,5910.0,60.0,-60.0,0.0,1.49,0.53,-0.53,0.0,1.79,0.19,-0.19,0.0,2018-04-26,1,343.2564,79.4575,-79.4575,0.0,,,,,,,,,,,,,SuperWASP,9.341000000000001,0.019,0.0,9.042,0.022000000000000002,0.0,-18.685333333333332
2413,WASP-69,b,WASP-69 b,Transit,0,1,3.86814,2e-06,-2e-06,0.0,,,,,0.0,,,0.0,86.71,0.2,-0.2,0.0,0.29,0.03,-0.03,0.0,Mass,1.11,0.04,-0.04,0.0,,,,,0,0,0,21h00m06.19s,315.025778,-05d05m39.9s,-5.094404,50.03,0.13,-0.13,0.0,50.03,0.13,-0.13,0.0,9.87,0.03,0.0,9.485,,0.0,4700.0,50.0,-50.0,0.0,0.98,0.14,-0.14,0.0,0.86,0.03,-0.03,0.0,2018-04-26,1,92.1707,9.5349,-9.5349,0.0,,,,,,,,,,,,,SuperWASP,8.032,0.015,0.0,7.542999999999999,0.017,0.0,-4.905583333333333
2414,WASP-70 A,b,WASP-70 A b,Transit,0,1,3.7130203,4.7e-06,-4.7e-06,0.0,0.048530000000000004,0.00062,-0.00062,0.0,0.0,,,0.0,87.12,1.24,-0.65,0.0,0.59,0.022,-0.022,0.0,Mass,1.1640000000000001,0.073,-0.102,0.0,0.499,0.138,-0.08,0.0,0,0,0,21h01m54.47s,315.476951,-13d25m59.6s,-13.433218,245.0,20.0,-20.0,0.0,223.73,2.87,-2.87,0.0,10.79,0.08,0.0,11.032,,0.0,5763.0,79.0,-79.0,0.0,1.11,0.04,-0.04,0.0,1.22,0.06,-0.09,0.0,2014-10-15,1,187.512,6.992,-6.992,0.0,0.1389,0.0014,-0.0019,0.0,2455736.50348,0.00027,-0.00027,0.0,0.431,0.076,-0.169,0.0,SuperWASP,9.996,0.032,0.0,9.714,0.043,0.0,-12.566777777777778
2419,WASP-77 A,b,WASP-77 A b,Transit,0,1,1.36003,2e-06,-2e-06,0.0,,,,,0.0,,,0.0,89.4,0.55,-0.55,0.0,2.29,0.33,-0.33,0.0,Mass,1.38,0.09,-0.09,0.0,,,,,0,0,0,02h28m37.23s,37.155115,-07d03m38.5s,-7.060681,105.47,1.19,-1.19,0.0,105.47,1.19,-1.19,0.0,10.3,,0.0,10.097000000000001,,0.0,5365.0,160.0,-160.0,0.0,1.49,0.32,-0.32,0.0,1.09,0.07,-0.07,0.0,2018-04-26,1,727.8307,104.8839,-104.8839,0.0,,,,,,,,,,,,,SuperWASP,8.766,0.011000000000000001,0.0,8.374,0.037000000000000005,0.0,-6.939305555555555
2422,WASP-80,b,WASP-80 b,Transit,0,1,3.06785234,8.3e-07,-7.9e-07,0.0,0.0344,0.001,-0.0011,0.0,0.002,0.01,-0.002,0.0,89.02,0.11,-0.1,0.0,0.538,0.035,-0.036,0.0,Mass,0.9990000000000001,0.03,-0.031,0.0,0.717,0.039,-0.032,0.0,0,0,0,20h12m40.18s,303.16740699999997,-02d08m39.1s,-2.1442080000000003,49.86,0.12,-0.12,0.0,49.86,0.12,-0.12,0.0,11.87,,0.0,11.273,,0.0,4143.0,92.0,-94.0,0.0,0.58,0.05,-0.05,0.0,0.59,0.02,-0.02,0.0,2015-04-16,1,170.99254,11.12405,-11.441880000000001,0.0,0.08879169999999999,0.00012919999999999997,-0.00014169999999999997,0.0,2456487.4250060003,2.3e-05,-2.5e-05,0.0,0.215,0.02,-0.022,0.0,SuperWASP,9.218,0.019,0.0,8.513,0.021,0.0,-1.8558055555555555
2424,WASP-84,b,WASP-84 b,Transit,0,1,8.5234865,7e-06,-7e-06,0.0,0.0771,0.0012,-0.0012,0.0,0.0,,,0.0,88.368,0.05,-0.05,0.0,0.694,0.028,-0.028,0.0,Mass,0.9420000000000001,0.022000000000000002,-0.022000000000000002,0.0,1.104,0.064,-0.064,0.0,0,0,0,08h44m25.70s,131.107099,+01d51m36.1s,1.8600330000000003,125.0,20.0,-20.0,0.0,100.88,0.49,-0.49,0.0,10.83,0.08,0.0,10.575,,0.0,5314.0,88.0,-88.0,0.0,0.84,0.04,-0.04,0.0,0.75,0.01,-0.01,0.0,2014-10-15,1,220.565,8.899,-8.899,0.0,0.11452000000000001,0.00045999999999999996,-0.00045999999999999996,0.0,2454286.10583,9e-05,-9e-05,0.0,0.632,0.012,-0.012,0.0,SuperWASP,9.346,0.023,0.0,8.956,0.022000000000000002,0.0,1.8600277777777778
2480,WASP-95,b,WASP-95 b,Transit,0,1,2.18467,1e-06,-1e-06,0.0,,,,,0.0,,,0.0,88.4,1.65,-1.65,0.0,1.44,0.28,-0.28,0.0,Mass,1.23,0.09,-0.09,0.0,,,,,0,0,0,22h29m49.73s,337.457189,-48d00m11.1s,-48.003085999999996,138.09,0.79,-0.79,0.0,138.09,0.79,-0.79,0.0,,,,9.937000000000001,,0.0,5830.0,140.0,-140.0,0.0,1.46,0.42,-0.42,0.0,1.23,0.09,-0.09,0.0,2018-04-26,1,457.6752,88.9924,-88.9924,0.0,,,,,,,,,,,,,SuperWASP,8.936,0.023,0.0,8.628,0.019,0.0,-47.996916666666664
2482,WASP-97,b,WASP-97 b,Transit,0,1,2.07276,1e-06,-1e-06,0.0,,,,,0.0,,,0.0,88.0,1.15,-1.15,0.0,1.36,0.19,-0.19,0.0,Mass,1.14,0.06,-0.06,0.0,,,,,0,0,0,01h38m25.04s,24.604338000000002,-55d46m19.5s,-55.772082999999995,151.73,0.51,-0.51,0.0,151.73,0.51,-0.51,0.0,,,,10.424000000000001,,0.0,5640.0,100.0,-100.0,0.0,1.18,0.24,-0.24,0.0,1.08,0.06,-0.06,0.0,2018-04-26,1,432.2488,60.3877,-60.3877,0.0,,,,,,,,,,,,,SuperWASP,9.407,0.019,0.0,9.07,0.02,0.0,-54.227916666666665
2501,K2-38,b,K2-38 b,Transit,0,2,4.01593,0.0005,-0.0005,0.0,,,,,,,,,87.28,2.48,-2.48,0.0,0.06,0.03,-0.03,0.0,Mass,0.17,0.03,-0.03,0.0,,,,,0,0,1,16h00m08.06s,240.03358500000002,-23d11m21.4s,-23.189287,193.71,2.64,-2.64,0.0,193.71,2.64,-2.64,0.0,11.39,0.03,0.0,11.184000000000001,,0.0,5757.0,60.0,-60.0,0.0,2.24,1.67,-1.67,0.0,1.38,0.21,-0.21,0.0,2018-04-26,1,19.0698,9.5349,-9.5349,0.0,,,,,,,,,,,,,K2,9.911,0.024,0.0,9.6,0.026000000000000002,0.0,-22.81072222222222
2502,K2-38,c,K2-38 c,Transit,0,2,10.56103,0.0009,-0.0009,0.0,0.0964,0.0016,-0.0016,0.0,,,,,88.61,1.0,-1.67,0.0,0.03115,0.014469999999999998,-0.014469999999999998,0.0,Mass,0.21600000000000003,0.026000000000000002,-0.026000000000000002,0.0,3.6,2.7,-1.9,0.0,0,0,1,16h00m08.06s,240.03358500000002,-23d11m21.4s,-23.189287,193.71,2.64,-2.64,0.0,193.71,2.64,-2.64,0.0,11.39,0.03,0.0,11.184000000000001,,0.0,5757.0,60.0,-60.0,0.0,2.24,1.67,-1.67,0.0,1.38,0.21,-0.21,0.0,2016-07-07,1,9.9,4.6,-4.6,0.0,0.10554169999999999,0.013,-0.006,0.0,2456900.4752,0.0033,-0.0033,0.0,0.64,0.23,-0.41,0.0,K2,9.911,0.024,0.0,9.6,0.026000000000000002,0.0,-22.81072222222222
2583,HD 3167,b,HD 3167 b,Transit,0,3,0.959624,2.8e-05,-2.8e-05,0.0,0.0186,0.0003,-0.0003,0.0,,,,,,,,,,,,,,0.152,0.006999999999999999,-0.006999999999999999,0.0,,,,,0,0,1,00h34m57.52s,8.739684,+04d22m53.3s,4.381469,47.36,0.15,-0.15,0.0,47.35,0.15,-0.15,0.0,8.94,0.02,0.0,8.762,,0.0,5528.0,162.0,-162.0,0.0,0.94,0.04,-0.04,0.0,0.87,0.01,-0.01,0.0,2018-10-26,1,,,,,,,,,2457393.41539,0.0013,-0.00135,0.0,0.39,0.28,-0.27,0.0,K2,7.547999999999999,0.032,0.0,7.202999999999999,0.038,0.0,4.3814722222222215
2584,HD 3167,c,HD 3167 c,Transit,0,3,29.83832,0.002905,-0.003199,0.0,0.1841,0.0027,-0.0028,0.0,,,,,,,,,,,,,,0.255,0.02,-0.02,0.0,,,,,0,0,1,00h34m57.52s,8.739684,+04d22m53.3s,4.381469,47.36,0.15,-0.15,0.0,47.35,0.15,-0.15,0.0,8.94,0.02,0.0,8.762,,0.0,5528.0,162.0,-162.0,0.0,0.94,0.04,-0.04,0.0,0.87,0.01,-0.01,0.0,2018-10-26,1,,,,,,,,,2457394.98984,0.00367,-0.0032600000000000003,0.0,0.46,0.36,-0.32,0.0,K2,7.547999999999999,0.032,0.0,7.202999999999999,0.038,0.0,4.3814722222222215
2710,K2-65,b,K2-65 b,Transit,0,1,12.6475,0.0013,-0.0013,0.0,0.1014,0.0039,-0.0039,0.0,,,,,,,,,,,,,,0.141,0.034,-0.034,0.0,,,,,0,0,1,22h12m50.82s,333.21176099999997,-10d55m31.4s,-10.925379,78.06,11.17,-15.66,0.0,,,,,10.800999999999998,0.084,0.0,,,,5213.0,336.0,-336.0,0.0,0.87,0.1,-0.1,0.0,0.84,0.12,-0.12,0.0,2016-07-18,1,,,,,0.1429167,0.0145833,-0.0145833,0.0,2456986.3303,0.0031,-0.0031,0.0,,,,,K2,8.967,0.035,0.0,8.457,0.033,0.0,-9.074611111111112
3213,WASP-74,b,WASP-74 b,Transit,0,1,2.13775,1e-06,-1e-06,0.0,,,,,0.0,,,0.0,79.81,0.24,-0.24,0.0,0.72,0.12,-0.12,0.0,Mass,1.36,0.1,-0.1,0.0,,,,,0,0,0,20h18m09.32s,304.538823,-01d04m32.4s,-1.075676,149.85,1.14,-1.14,0.0,149.85,1.14,-1.14,0.0,9.7,,0.0,9.572000000000001,,0.0,5990.0,110.0,-110.0,0.0,0.98,0.24,-0.24,0.0,1.42,0.1,-0.1,0.0,2018-04-26,1,228.8376,38.1396,-38.1396,0.0,,,,,,,,,,,,,SuperWASP,8.548,0.033,0.0,8.286,0.011000000000000001,0.0,-0.9243333333333333
3250,WASP-8,b,WASP-8 b,Transit,0,2,8.15872,1.5e-05,-1.5e-05,0.0,,,,,0.31,0.0,0.0,0.0,88.55,0.16,-0.16,0.0,2.54,0.33,-0.33,0.0,Mass,1.13,0.05,-0.05,0.0,,,,,0,0,0,23h59m36.07s,359.900292,-35d01m53.0s,-35.031391,90.19,0.36,-0.36,0.0,90.19,0.36,-0.36,0.0,9.79,,0.0,9.612,,0.0,5600.0,80.0,-80.0,0.0,1.34,0.26,-0.26,0.0,1.03,0.04,-0.04,0.0,2018-10-26,1,807.2882,104.8839,-104.8839,0.0,,,,,,,,,,,,,SuperWASP,8.501,0.027000000000000003,0.0,8.218,0.049,0.0,-34.96861111111111
3311,WASP-16,b,WASP-16 b,Transit,0,1,3.1186,1.4e-05,-1.4e-05,0.0,,,,,0.0,,,0.0,85.22,0.35,-0.35,0.0,1.24,0.25,-0.25,0.0,Mass,1.22,0.1,-0.1,0.0,,,,,0,0,0,14h18m43.93s,214.683032,-20d16m31.7s,-20.275484,195.2,1.93,-1.93,0.0,195.2,1.93,-1.93,0.0,,,,11.125,,0.0,5700.0,150.0,-150.0,0.0,1.78,0.54,-0.54,0.0,1.14,0.09,-0.09,0.0,2018-04-26,1,394.1092,79.4575,-79.4575,0.0,,,,,,,,,,,,,SuperWASP,9.984,0.024,0.0,9.658999999999999,0.021,0.0,-19.72452777777778
3315,WASP-20,b,WASP-20 b,Transit,0,1,4.8996284,3.3e-06,-3.3e-06,0.0,0.06,0.0006900000000000001,-0.0006900000000000001,0.0,0.0,,,0.0,85.56,0.22,-0.22,0.0,0.311,0.017,-0.017,0.0,Mass,1.462,0.059000000000000004,-0.059000000000000004,0.0,0.132,0.016,-0.016,0.0,0,0,0,00h20m38.53s,5.160558999999999,-23d56m08.6s,-23.935728,210.0,20.0,-20.0,0.0,,,,,10.68,,0.0,10.65,,0.0,5940.0,100.0,-100.0,0.0,1.2,0.04,-0.04,0.0,1.39,0.04,-0.04,0.0,2015-03-05,1,98.841,5.403,-5.403,0.0,0.1418,0.0014,-0.0014,0.0,2455715.65562,0.00029,-0.00029,0.0,0.718,0.018,-0.018,0.0,SuperWASP,9.701,0.017,0.0,9.417,0.02,0.0,-22.06427777777778
3375,WASP-29,b,WASP-29 b,Transit,0,1,3.92273,4e-06,-4e-06,0.0,,,,,0.03,0.04,-0.04,0.0,88.8,0.7,-0.7,0.0,0.23,0.05,-0.05,0.0,Mass,0.77,0.07,-0.07,0.0,,,,,0,0,0,23h51m31.09s,357.87953799999997,-39d54m24.2s,-39.906719,87.82,0.31,-0.31,0.0,87.82,0.31,-0.31,0.0,,,,10.892999999999999,,0.0,4800.0,150.0,-150.0,0.0,0.77,0.25,-0.25,0.0,0.79,0.07,-0.07,0.0,2018-04-26,1,73.1009,15.8915,-15.8915,0.0,,,,,,,,,,,,,SuperWASP,9.353,0.021,0.0,8.875,0.019,0.0,-38.09327777777778
3379,WASP-34,b,WASP-34 b,Transit,0,1,4.31768,5e-06,-5e-06,0.0,,,,,0.04,0.01,-0.01,0.0,85.2,0.2,-0.2,0.0,0.56,0.17,-0.17,0.0,Mass,1.0,0.08,-0.08,0.0,,,,,0,0,0,11h01m35.89s,165.399561,-23d51m38.3s,-23.860636,132.59,0.85,-0.85,0.0,132.59,0.85,-0.85,0.0,10.4,,0.0,10.205,,0.0,5700.0,100.0,-100.0,0.0,0.96,0.45,-0.45,0.0,0.91,0.08,-0.08,0.0,2018-04-26,1,177.9848,54.0311,-54.0311,0.0,,,,,,,,,,,,,SuperWASP,9.172,0.025,0.0,8.842,0.042,0.0,-22.13936111111111
3380,WASP-35,b,WASP-35 b,Transit,0,1,3.16158,2e-06,-2e-06,0.0,,,,,0.0,,,0.0,87.96,0.28,-0.28,0.0,0.71,0.1,-0.1,0.0,Mass,1.3,0.07,-0.07,0.0,,,,,0,0,0,05h04m19.63s,76.08178199999999,-06d13m47.4s,-6.229821,203.39,1.69,-1.69,0.0,203.39,1.69,-1.69,0.0,11.01,0.09,0.0,10.853,,0.0,5990.0,80.0,-80.0,0.0,1.05,0.19,-0.19,0.0,1.08,0.06,-0.06,0.0,2018-04-26,1,225.6593,31.783,-31.783,0.0,,,,,,,,,,,,,SuperWASP,9.887,0.03,0.0,9.597999999999999,0.023,0.0,-5.770166666666666
3387,WASP-43,b,WASP-43 b,Transit,0,1,0.813475,1e-06,-1e-06,0.0,0.0142,0.0004,-0.0004,0.0,0.0,,,0.0,82.6,1.3,-0.9,0.0,1.78,0.1,-0.1,0.0,Mass,0.93,0.07,-0.09,0.0,2.939,0.971,-0.545,0.0,1,0,0,10h19m38.01s,154.90837199999999,-09d48m22.6s,-9.806275999999999,80.0,20.0,-20.0,0.0,86.96,0.33,-0.33,0.0,12.4,,0.0,11.907,,0.0,4400.0,200.0,,0.0,0.58,0.05,,0.0,0.6,0.04,,0.0,2014-05-14,1,565.714,31.782,-31.782,0.0,0.0483,0.0011,-0.0011,0.0,2455528.86774,0.00014,-0.00014,0.0,,,,,SuperWASP,9.995,0.024,0.0,9.397,0.025,0.0,-8.193722222222222
3403,WASP-156,b,WASP-156 b,Transit,0,1,3.836169,3e-06,-3e-06,0.0,0.0453,0.0009,-0.0009,0.0,0.007,,,1.0,89.1,0.6,-0.9,0.0,0.128,0.01,-0.009,0.0,Mass,0.51,0.02,-0.02,0.0,1.3,0.1,-0.1,0.0,0,0,0,02h11m07.61s,32.781708,+02d25m04.8s,2.418,140.0,25.0,-25.0,0.0,122.49,0.64,-0.64,0.0,11.6,,0.0,11.323,,0.0,4910.0,61.0,-61.0,0.0,0.84,0.05,-0.05,0.0,0.76,0.03,-0.03,0.0,2017-10-26,1,40.68224,3.1783,-2.8604700000000003,0.0,0.1004167,0.0016667000000000001,-0.00125,0.0,2454677.707,0.002,-0.002,0.0,,,,,SuperWASP,9.906,0.018000000000000002,0.0,9.472999999999999,0.021,0.0,2.4179999999999997
3412,WASP-145 A,b,WASP-145 A b,Transit,0,1,1.7690381,8e-07,-8e-07,0.0,0.0261,0.0005,-0.0005,0.0,0.0,,,0.0,83.3,1.3,-1.3,0.0,0.89,0.04,-0.04,0.0,Mass,0.9,0.4,-0.4,0.0,1.6,1.3,-1.3,0.0,0,0,0,21h29m00.90s,322.253754,-58d50m10.1s,-58.83614,91.54,0.24,-0.24,0.0,91.54,0.24,-0.24,0.0,,,,11.357999999999999,,0.0,4900.0,150.0,-150.0,0.0,0.76,0.04,-0.04,0.0,0.68,0.07,-0.07,0.0,2018-10-26,1,282.8687,12.7132,-12.7132,0.0,0.0407,0.0016,-0.0016,0.0,2456844.1652599997,0.00026000000000000003,-0.00026000000000000003,0.0,0.97,0.09,-0.09,0.0,SuperWASP-South,9.843,0.026000000000000002,0.0,9.292,0.036000000000000004,0.0,-57.16386111111111
3429,LTT 3780,b,LTT 3780 b,Transit,0,2,0.768448,5.5e-05,-5.3e-05,0.0,0.01211,0.00011999999999999999,-0.00011999999999999999,0.0,0.0,,,0.0,87.1,1.8,-1.7,0.0,0.00824,0.00151,-0.00145,0.0,Mass,0.11900000000000001,0.006,-0.006999999999999999,0.0,6.1,1.8,-1.5,0.0,0,0,0,10h18m34.78s,154.644917,-11d43m04.08s,-11.7178,21.98,0.04,-0.04,0.0,22.0,0.04,-0.04,0.0,13.07,0.015,0.0,11.845999999999998,,0.0,3331.0,157.0,-157.0,0.0,0.4,0.01,-0.01,0.0,0.37,0.01,-0.01,0.0,2020-06-04,1,2.62,0.48,-0.46,0.0,0.0335417,0.0020417,-0.003,0.0,2458543.9115,0.0011,-0.0011,0.0,0.35,0.2,-0.23,0.0,Transiting Exoplanet Survey Satellite (TESS),9.007,0.025,0.0,8.439,0.063,0.0,-10.2822
3430,LTT 3780,c,LTT 3780 c,Transit,0,2,12.2519,0.0028,-0.003,0.0,0.07672999999999999,0.00075,-0.0007700000000000001,0.0,0.06,0.15,-0.14,0.0,89.18,0.47,-0.22,0.0,0.02706,0.00503,-0.00409,0.0,Mass,0.205,0.013999999999999999,-0.013000000000000001,0.0,3.9,1.0,-0.9,0.0,0,0,0,10h18m34.78s,154.644917,-11d43m04.08s,-11.7178,21.98,0.04,-0.04,0.0,22.0,0.04,-0.04,0.0,13.07,0.015,0.0,11.845999999999998,,0.0,3331.0,157.0,-157.0,0.0,0.4,0.01,-0.01,0.0,0.37,0.01,-0.01,0.0,2020-06-04,1,8.6,1.6,-1.3,0.0,0.058,0.0020833,-0.0020417,0.0,2458546.8484,0.0014,-0.0014,0.0,0.65,0.15,-0.36,0.0,Transiting Exoplanet Survey Satellite (TESS),9.007,0.025,0.0,8.439,0.063,0.0,-10.2822
3460,K2-190,b,K2-190 b,Transit,0,2,10.098858,0.000619,-0.000643,0.0,,,,,,,,,88.35700000000001,1.159,-2.329,0.0,,,,,,0.121,0.016,-0.009000000000000001,0.0,,,,,0,0,1,13h41m27.24s,205.363495,-13d09m39.2s,-13.160896,161.42,1.14,-1.14,0.0,161.42,1.14,-1.14,0.0,11.138,0.096,0.0,10.959000000000001,,0.0,5631.0,50.0,-50.0,0.0,0.9,0.03,-0.04,0.0,0.91,0.1,-0.06,0.0,2018-02-15,1,,,,,,,,,2457224.76792,0.0026030000000000003,-0.0025960000000000002,0.0,,,,,K2,9.834,0.023,0.0,9.447000000000001,0.022000000000000002,0.0,-12.83911111111111
3461,K2-190,c,K2-190 c,Transit,0,2,21.574023,0.00573,-0.004302,0.0,,,,,,,,,88.977,0.731,-1.65,0.0,,,,,,0.098,0.013999999999999999,-0.008,0.0,,,,,0,0,1,13h41m27.24s,205.363495,-13d09m39.2s,-13.160896,161.42,1.14,-1.14,0.0,161.42,1.14,-1.14,0.0,11.138,0.096,0.0,10.959000000000001,,0.0,5631.0,50.0,-50.0,0.0,0.9,0.03,-0.04,0.0,0.91,0.1,-0.06,0.0,2018-02-15,1,,,,,,,,,2457228.69256,0.0065,-0.007312999999999999,0.0,,,,,K2,9.834,0.023,0.0,9.447000000000001,0.022000000000000002,0.0,-12.83911111111111
3468,HD 219666,b,HD 219666 b,Transit,0,1,6.03607,0.00064,-0.00063,0.0,0.06356,0.00265,-0.00265,0.0,0.0,,,0.0,86.38,0.15,-0.15,0.0,0.05223,0.00409,-0.00409,0.0,Mass,0.42,0.015,-0.015,0.0,0.87,0.12,-0.11,0.0,0,0,0,23h18m13.630s,349.556792,-56d54m13.630s,-56.903786,94.43,0.25,-0.25,0.0,94.43,0.25,-0.25,0.0,,,,9.65,,0.0,5527.0,65.0,-65.0,0.0,0.92,0.03,-0.03,0.0,1.03,0.03,-0.03,0.0,2019-03-05,1,16.6,1.3,-1.3,0.0,0.08991669999999999,0.0014167,-0.0014167,0.0,2458329.1996,0.0012,-0.0012,0.0,0.838,0.012,-0.013,0.0,Transiting Exoplanet Survey Satellite (TESS),8.557,0.011000000000000001,0.0,8.254,0.039,0.0,-55.09621388888889
3469,HD 1397,b,HD 1397 b,Transit,0,1,11.53533,0.00079,-0.0008,0.0,0.1097,0.0011,-0.0013,0.0,0.251,0.02,-0.019,0.0,88.99,0.67,-0.73,0.0,0.415,0.02,-0.02,0.0,Mass,1.026,0.025,-0.027000000000000003,0.0,0.477,0.043,-0.038,0.0,0,0,0,00h17m47.15s,4.446472,-66d21m32.1s,-66.35891,79.75,0.17,-0.17,0.0,79.75,0.17,-0.17,0.0,7.781000000000001,0.011000000000000001,0.0,7.593,,0.0,5521.0,60.0,-60.0,0.0,1.32,0.04,-0.05,0.0,2.34,0.05,-0.06,0.0,2019-07-25,1,131.89945,6.3566,-6.3566,0.0,0.3584,0.0014,-0.0013,0.0,2458332.08261,0.0006,-0.0006,0.0,0.17,0.12,-0.11,0.0,Transiting Exoplanet Survey Satellite (TESS),6.442,0.02,0.0,6.09,0.049,0.0,-65.64108333333334
3484,GJ 1252,b,GJ 1252 b,Transit,0,1,0.5182349,6.3e-06,-5e-06,0.0,0.00916,0.0007599999999999999,-0.0007599999999999999,0.0,0.0,,,0.0,85.0,2.1,-1.8,0.0,0.00658,0.00176,-0.00176,0.0,Mass,0.106,0.006999999999999999,-0.006999999999999999,0.0,,,,,0,0,0,20h27m42.06s,306.925235,-56d27m25.2s,-56.456990000000005,20.38,0.02,-0.02,0.0,20.38,0.02,-0.02,0.0,12.193,0.055999999999999994,0.0,11.235999999999999,,0.0,3458.0,140.0,-133.0,0.0,0.38,0.02,-0.02,0.0,0.39,0.02,-0.02,0.0,2020-02-13,1,2.09,0.56,-0.56,0.0,0.030583299999999997,0.00075,-0.0005832999999999999,0.0,2458668.0973900002,0.00032,-0.00029,0.0,0.44,0.12,-0.17,0.0,Transiting Exoplanet Survey Satellite (TESS),8.697000000000001,0.019,0.0,8.161,0.034,0.0,-55.543
3485,L 168-9,b,L 168-9 b,Transit,0,1,1.4015,0.00018,-0.00018,0.0,0.020909999999999998,0.00023999999999999998,-0.00023999999999999998,0.0,0.21,,,1.0,85.5,0.8,-0.7,0.0,0.014469999999999998,0.00176,-0.00176,0.0,Mass,0.124,0.008,-0.008,0.0,9.6,2.4,-1.8,0.0,0,0,0,23h20m07.53s,350.03137200000003,-60d03m54.7s,-60.06518199999999,25.17,0.02,-0.02,0.0,25.17,0.02,-0.02,0.0,11.014000000000001,0.011000000000000001,0.0,10.232000000000001,,0.0,3800.0,70.0,-70.0,0.0,0.62,0.03,-0.03,0.0,0.6,0.02,-0.02,0.0,2020-02-13,1,4.6,0.56,-0.56,0.0,,,,,2458340.04781,0.00088,-0.00122,0.0,,,,,Transiting Exoplanet Survey Satellite (TESS),7.941,0.019,0.0,7.32,0.053,0.0,-59.934805555555556
3486,TOI-125,d,TOI-125 d,Transit,0,3,19.98,0.005,-0.0056,0.0,0.137,0.0022,-0.0022,0.0,0.168,0.088,-0.062,0.0,88.795,0.18,-0.1,0.0,0.042789999999999995,0.0037799999999999995,-0.0037799999999999995,0.0,Mass,0.261,0.015,-0.015,0.0,2.98,0.65,-0.52,0.0,0,0,0,01h34m22.735s,23.594729,-66d40m32.95s,-66.67581899999999,111.4,1.3,-1.2,0.0,111.41,0.44,-0.44,0.0,10.892000000000001,0.016,0.0,10.718,,0.0,5320.0,39.0,-39.0,0.0,0.86,0.04,-0.04,0.0,0.85,0.01,-0.01,0.0,2020-02-13,1,13.6,1.2,-1.2,0.0,0.1297,0.007,-0.0057,0.0,2458342.8516,0.0039,-0.0039,0.0,0.652,0.093,-0.16,0.0,Transiting Exoplanet Survey Satellite (TESS),9.466000000000001,0.017,0.0,9.112,0.024,0.0,-65.32418055555556
3490,HD 221416,b,HD 221416 b,Transit,0,1,14.2767,0.0037,-0.0037,0.0,0.1228,0.0025,-0.0026,0.0,0.115,0.034,-0.03,0.0,85.75,0.36,-0.35,0.0,0.19,0.018,-0.018,0.0,Mass,0.836,0.031,-0.027999999999999997,0.0,0.431,0.064,-0.06,0.0,0,0,0,23h32m08.07s,353.03362999999996,-21d48m05.1s,-21.801424,95.08,0.72,-0.72,0.0,95.8,0.73,-0.73,0.0,8.146,0.013999999999999999,0.0,7.9079999999999995,,0.0,5080.0,90.0,-90.0,0.0,1.21,0.07,-0.07,0.0,2.94,0.06,-0.06,0.0,2019-04-18,1,60.5,5.7,-5.7,0.0,,,,,2458357.0149,0.0025,-0.0026,0.0,0.728,0.04,-0.049,0.0,Transiting Exoplanet Survey Satellite (TESS),6.568,0.02,0.0,6.149,0.045,0.0,-20.198583333333332
3507,K2-198,b,K2-198 b,Transit,0,3,17.0428683,7.1e-06,-3.5e-06,0.0,,,,,,,,,88.904,0.094,-0.027000000000000003,0.0,,,,,,0.374,0.02,-0.009000000000000001,0.0,,,,,0,0,1,13h15m22.51s,198.84381100000002,-06d27m53.6s,-6.464886,110.91,0.87,-0.87,0.0,110.91,0.87,-0.87,0.0,10.970999999999998,0.1,0.0,10.995999999999999,,0.0,5212.9,99.0,-49.2,0.0,0.8,0.09,-0.04,0.0,0.76,0.04,-0.02,0.0,2019-08-15,1,,,,,,,,,2457204.5687,0.00014,-0.00014,0.0,0.661,0.032,-0.0099,0.0,K2,9.741,0.024,0.0,9.312999999999999,0.024,0.0,-5.535111111111111
3520,K2-209,b,K2-209 b,Transit,0,1,2.080615,0.000134,-0.00013,0.0,,,,,,,,,86.23100000000001,2.6689999999999996,-6.348,0.0,,,,,,0.077,0.009000000000000001,-0.006,0.0,,,,,0,0,1,00h58m45.76s,14.690681,+01d23m01.7s,1.383812,76.67,0.3,-0.3,0.0,76.67,0.3,-0.3,0.0,11.205,0.10300000000000001,0.0,10.745,,0.0,4720.0,50.0,-50.0,0.0,0.74,0.03,-0.02,0.0,0.71,0.02,-0.02,0.0,2018-02-15,1,,,,,,,,,2457394.2331,0.002694,-0.002473,0.0,,,,,K2,9.263,0.024,0.0,8.774,0.038,0.0,1.3838055555555555
3535,DS Tuc A,b,DS Tuc A b,Transit,0,1,8.138268,1.1e-05,-1.1e-05,0.0,,,,,0.0,,,0.0,89.5,0.34,-0.41,0.0,,,,,,0.509,0.015,-0.015,0.0,,,,,0,0,0,23h39m39.48s,354.91449,-69d11m44.7s,-69.195747,44.12,0.07,-0.07,0.0,44.12,0.07,-0.07,0.0,8.469,0.012,0.0,8.318999999999999,,0.0,5428.0,80.0,-80.0,0.0,1.01,0.06,-0.06,0.0,0.96,0.03,-0.03,0.0,2019-07-11,1,,,,,0.13235,0.00049,-0.00039,0.0,2458332.3099700003,0.00026000000000000003,-0.00026000000000000003,0.0,0.18,0.13,-0.12,0.0,Transiting Exoplanet Survey Satellite (TESS),7.122000000000001,0.024,0.0,6.7589999999999995,0.022000000000000002,0.0,-68.80425
3540,LHS 1140,c,LHS 1140 c,Transit,0,2,3.777931,3e-06,-3e-06,0.0,0.02675,0.0007,-0.0007,0.0,0.31,,,1.0,89.92,0.06,-0.09,0.0,0.00569,0.00123,-0.00123,0.0,Mass,0.114,0.002,-0.002,0.0,4.7,1.1,-1.1,0.0,0,0,0,00h44m59.34s,11.24724,-15d16m17.5s,-15.271532,14.99,0.02,-0.02,0.0,14.99,0.02,-0.02,0.0,14.18,0.03,0.0,12.671,,0.0,3216.0,39.0,-39.0,0.0,0.18,0.01,-0.01,0.0,0.21,0.0,-0.0,0.0,2018-12-06,1,1.81,0.39,-0.39,0.0,,,,,2458226.843169,2.6000000000000002e-05,-2.6000000000000002e-05,0.0,,,,,Multiple Observatories,9.612,0.023,0.0,9.092,0.026000000000000002,0.0,-14.728472222222221
3590,LHS 1815,b,LHS 1815 b,Transit,0,1,3.81433,3e-05,-3e-05,0.0,0.0404,0.0094,-0.0094,0.0,0.0,,,0.0,88.125,1.113,-1.113,0.0,0.02737,,,1.0,Mass,0.09699999999999999,0.006,-0.006,0.0,,,,,0,0,0,06h04m20.36s,91.084816,-55d18m46.8s,-55.313010999999996,29.87,0.02,-0.02,0.0,29.87,0.02,-0.02,0.0,12.15,0.025,0.0,11.235999999999999,,0.0,3643.0,142.0,-142.0,0.0,0.5,0.01,-0.01,0.0,0.5,0.03,-0.03,0.0,2020-03-19,1,8.7,,,1.0,,,,,2458327.4161,0.0016,-0.0016,0.0,,,,,Transiting Exoplanet Survey Satellite (TESS),8.801,0.024,0.0,8.209,0.047,0.0,-54.687000000000005
3628,TOI-813,b,TOI-813 b,Transit,0,1,83.8911,0.0027,-0.0031,0.0,0.423,0.031,-0.037,0.0,0.0,,,0.0,89.64,0.24,-0.27,0.0,,,,,,0.599,0.034,-0.034,0.0,,,,,0,0,0,04h50m46.57s,72.69404200000001,-60d54m19.62s,-60.90545,265.15,1.58,-1.58,0.0,265.15,1.58,-1.58,0.0,10.322000000000001,0.013999999999999999,0.0,10.235,,0.0,5907.0,150.0,-150.0,0.0,1.32,0.06,-0.06,0.0,1.94,0.1,-0.1,0.0,2020-01-30,1,,,,,,,,,2458370.7836,0.0072,-0.0062,0.0,0.3,0.18,-0.19,0.0,Transiting Exoplanet Survey Satellite (TESS),9.326,0.017,0.0,9.052999999999999,0.015,0.0,-59.09455
3629,LHS 1140,b,LHS 1140 b,Transit,0,2,24.736959,8e-05,-8e-05,0.0,0.0936,0.0024,-0.0024,0.0,0.06,,,1.0,89.89,0.05,-0.03,0.0,0.02196,0.0028,-0.0028,0.0,Mass,0.154,0.003,-0.003,0.0,7.5,1.0,-1.0,0.0,0,0,0,00h44m59.34s,11.24724,-15d16m17.5s,-15.271532,14.99,0.02,-0.02,0.0,14.99,0.02,-0.02,0.0,14.18,0.03,0.0,12.671,,0.0,3216.0,39.0,-39.0,0.0,0.18,0.01,-0.01,0.0,0.21,0.0,-0.0,0.0,2018-12-06,1,6.98,0.89,-0.89,0.0,,,,,2456915.71154,4e-05,-4e-05,0.0,,,,,MEarth Project,9.612,0.023,0.0,9.092,0.026000000000000002,0.0,-14.728472222222221
3632,KELT-11,b,KELT-11 b,Transit,0,1,4.7361,3e-05,-3e-05,0.0,,,,,0.0007,0.002,-0.0005,0.0,85.3,0.2,-0.2,0.0,0.171,0.015,-0.015,0.0,Mass,1.35,0.1,-0.1,0.0,,,,,0,0,0,10h46m49.74s,161.70726000000002,-09d23m56.5s,-9.399025,99.44,0.52,-0.52,0.0,99.44,0.52,-0.52,0.0,8.04,,0.0,7.831,,0.0,5375.0,25.0,-25.0,0.0,1.44,0.07,-0.07,0.0,2.69,0.04,-0.04,0.0,2019-01-10,1,54.34893,4.76745,-4.76745,0.0,0.2974,0.0034,-0.0039,0.0,2457483.431,0.0007,-0.0007,0.0,0.404,0.013,-0.018,0.0,KELT-South,6.6160000000000005,0.024,0.0,6.251,0.042,0.0,-8.600972222222223
3655,HD 213885,b,HD 213885 b,Transit,0,2,1.008035,2.1e-05,-2e-05,0.0,0.02012,0.00015,-0.00011999999999999999,0.0,0.0,,,0.0,80.09,0.62,-0.5,0.0,0.027780000000000003,0.0020800000000000003,-0.00205,0.0,Mass,0.156,0.005,-0.005,0.0,9.15,1.1,-1.0,0.0,0,0,0,22h35m56.32s,338.98465,-59d51m52.1s,-59.864468,47.97,0.14,-0.14,0.0,48.16,0.1,-0.1,0.0,7.996,0.002,0.0,7.8020000000000005,,0.0,5978.0,50.0,-50.0,0.0,1.07,0.02,-0.02,0.0,1.1,0.01,-0.01,0.0,2019-12-05,1,8.83,0.66,-0.65,0.0,,,,,2458379.9704299998,0.0012,-0.0012,0.0,0.675,0.033,-0.041,0.0,Transiting Exoplanet Survey Satellite (TESS),6.806,0.023,0.0,6.501,0.034,0.0,-58.135527777777774
3677,K2-141,b,K2-141 b,Transit,0,2,0.2803244,1.5e-06,-1.5e-06,0.0,,,,,0.0,,,0.0,86.3,2.7,-3.6,0.0,0.01598,0.0012900000000000001,-0.0012900000000000001,0.0,Mass,0.135,0.004,-0.004,0.0,8.2,1.1,-1.1,0.0,0,0,1,23h23m39.97s,350.916534,-01d11m21.4s,-1.189274,61.98,0.17,-0.17,0.0,61.98,0.17,-0.17,0.0,11.389000000000001,0.14800000000000002,0.0,10.722000000000001,,0.0,4599.0,79.0,-79.0,0.0,0.71,0.03,-0.03,0.0,0.68,0.02,-0.02,0.0,2018-01-18,1,5.08,0.41,-0.41,0.0,,,,,2457744.0716,0.00022,-0.00022,0.0,,,,,K2,9.086,0.021,0.0,8.524,0.053,0.0,-0.8107222222222222
3678,K2-141,c,K2-141 c,Transit,0,2,7.7485,0.00022,-0.00022,0.0,,,,,0.0,,,0.0,87.2,1.6,-2.0,0.0,0.023280000000000002,,,1.0,Mass,0.624,0.41,-0.25,0.0,,,,,0,0,1,23h23m39.97s,350.916534,-01d11m21.4s,-1.189274,61.98,0.17,-0.17,0.0,61.98,0.17,-0.17,0.0,11.389000000000001,0.14800000000000002,0.0,10.722000000000001,,0.0,4599.0,79.0,-79.0,0.0,0.71,0.03,-0.03,0.0,0.68,0.02,-0.02,0.0,2018-01-18,1,7.4,,,1.0,,,,,2457751.1546,0.001,-0.001,0.0,,,,,K2,9.086,0.021,0.0,8.524,0.053,0.0,-0.8107222222222222
3712,K2-167,b,K2-167 b,Transit,0,1,9.977481,0.001039,-0.001007,0.0,,,,,,,,,88.604,1.001,-1.97,0.0,,,,,,0.252,0.046,-0.04,0.0,,,,,0,0,1,22h26m18.19s,336.575775,-18d00m40.2s,-18.011171,81.08,0.47,-0.47,0.0,81.08,0.47,-0.47,0.0,8.238999999999999,0.015,0.0,8.104,,0.0,5908.0,50.0,-50.0,0.0,1.02,0.12,-0.09,0.0,1.83,0.29,-0.28,0.0,2018-02-15,1,,,,,,,,,2456979.93678,0.002518,-0.002443,0.0,,,,,K2,7.202000000000001,0.021,0.0,6.974,0.038,0.0,-17.988833333333332
3728,TOI-125,b,TOI-125 b,Transit,0,3,4.65382,0.00033,-0.00031,0.0,0.05186,0.00086,-0.0007700000000000001,0.0,0.194,0.041,-0.036,0.0,88.92,0.71,-0.6,0.0,0.029889999999999996,0.00277,-0.00277,0.0,Mass,0.243,0.006999999999999999,-0.006999999999999999,0.0,2.57,0.33,-0.33,0.0,0,0,0,01h34m22.735s,23.594729,-66d40m32.95s,-66.67581899999999,111.4,1.3,-1.2,0.0,111.41,0.44,-0.44,0.0,10.892000000000001,0.016,0.0,10.718,,0.0,5320.0,39.0,-39.0,0.0,0.86,0.04,-0.04,0.0,0.85,0.01,-0.01,0.0,2020-02-13,1,9.5,0.88,-0.88,0.0,0.1234,0.0024,-0.0024,0.0,2458355.3552900003,0.001,-0.001,0.0,0.27,0.17,-0.18,0.0,Transiting Exoplanet Survey Satellite (TESS),9.466000000000001,0.017,0.0,9.112,0.024,0.0,-65.32418055555556
3729,TOI-125,c,TOI-125 c,Transit,0,3,9.15059,0.0007,-0.00082,0.0,0.0814,0.0013,-0.0013,0.0,0.066,0.07,-0.047,0.0,88.54,0.41,-0.19,0.0,0.02086,0.0031100000000000004,-0.0031100000000000004,0.0,Mass,0.24600000000000002,0.009000000000000001,-0.009000000000000001,0.0,1.73,0.33,-0.33,0.0,0,0,0,01h34m22.735s,23.594729,-66d40m32.95s,-66.67581899999999,111.4,1.3,-1.2,0.0,111.41,0.44,-0.44,0.0,10.892000000000001,0.016,0.0,10.718,,0.0,5320.0,39.0,-39.0,0.0,0.86,0.04,-0.04,0.0,0.85,0.01,-0.01,0.0,2020-02-13,1,6.63,0.99,-0.99,0.0,0.1231,0.0026,-0.003,0.0,2458361.9085,0.0013,-0.0013,0.0,0.522,0.086,-0.18,0.0,Transiting Exoplanet Survey Satellite (TESS),9.466000000000001,0.017,0.0,9.112,0.024,0.0,-65.32418055555556
3732,K2-292,b,K2-292 b,Transit,0,1,16.9841,0.0008,-0.0008,0.0,0.13,0.01,-0.01,0.0,0.04,0.06,-0.03,0.0,88.4,0.2,-0.3,0.0,0.07708999999999999,0.01384,-0.01384,0.0,Mass,0.235,0.01,-0.009000000000000001,0.0,7.4,1.6,-1.5,0.0,0,0,1,13h41m30.30s,205.376266,-09d56m45.9s,-9.946078,114.29,0.82,-0.81,0.0,114.66,0.82,-0.82,0.0,9.917,0.013000000000000001,0.0,9.756,,0.0,5725.0,65.0,-65.0,0.0,1.0,0.03,-0.03,0.0,1.09,0.03,-0.03,0.0,2019-02-07,1,24.5,4.4,-4.4,0.0,0.1525,0.0029167,-0.0033333,0.0,2458180.2842,0.0017,-0.0015,0.0,0.68,0.06,-0.08,0.0,K2,8.73,0.023,0.0,8.452,0.036000000000000004,0.0,-8.053916666666666
3752,K2-261,b,K2-261 b,Transit,0,1,11.63344,0.00012,-0.00012,0.0,0.102,0.019,-0.02,0.0,0.39,0.15,-0.15,0.0,88.4,1.1,-1.9,0.0,0.223,0.031,-0.031,0.0,Mass,0.85,0.026000000000000002,-0.022000000000000002,0.0,0.483,0.076,-0.081,0.0,0,0,1,10h52m07.78s,163.032425,+00d29m36.1s,0.49335200000000007,214.58,1.97,-1.97,0.0,214.58,1.97,-1.97,0.0,10.612,0.059000000000000004,0.0,10.459000000000001,,0.0,5537.0,71.0,-71.0,0.0,1.1,0.01,-0.02,0.0,1.65,0.04,-0.04,0.0,2018-08-16,1,70.87609,9.852730000000001,-9.852730000000001,0.0,0.213,0.057,-0.029,0.0,2457906.84084,0.00054,-0.00067,0.0,0.27,0.18,-0.18,0.0,K2,9.337,0.03,0.0,8.92,0.042,0.0,0.49336111111111114
3753,K2-265,b,K2-265 b,Transit,0,1,2.369172,8.9e-05,-8.9e-05,0.0,0.033760000000000005,0.00021,-0.00021,0.0,0.084,0.079,-0.079,0.0,87.7,1.6,-1.6,0.0,0.02058,0.00264,-0.00264,0.0,Mass,0.153,0.01,-0.01,0.0,7.1,1.8,-1.8,0.0,0,0,1,22h48m07.57s,342.031525,-14d29m40.9s,-14.494689000000001,139.22,0.98,-0.98,0.0,139.22,0.98,-0.98,0.0,11.102,0.037000000000000005,0.0,10.927999999999999,,0.0,5477.0,27.0,-27.0,0.0,0.92,0.02,-0.02,0.0,0.98,0.05,-0.05,0.0,2018-10-04,1,6.54,0.84,-0.84,0.0,0.09441669999999999,0.0020833,-0.0020833,0.0,2456981.6431,0.0016,-0.0016,0.0,0.3,0.2,-0.2,0.0,K2,9.726,0.026000000000000002,0.0,9.312000000000001,0.022000000000000002,0.0,-13.505305555555557
3793,WASP-130,b,WASP-130 b,Transit,0,1,11.55098,1e-05,-1e-05,0.0,0.1012,0.0014,-0.0014,0.0,0.0,,,0.0,88.66,0.12,-0.12,0.0,1.23,0.04,-0.04,0.0,Mass,0.89,0.03,-0.03,0.0,2.34,0.24,-0.24,0.0,0,0,0,13h32m25.44s,203.105988,-42d28m31.0s,-42.475273,180.0,30.0,-30.0,0.0,173.1,1.38,-1.38,0.0,11.1,,0.0,10.972000000000001,,0.0,5625.0,90.0,-90.0,0.0,1.04,0.04,-0.04,0.0,0.96,0.03,-0.03,0.0,2016-12-01,1,390.9309,12.7132,-12.7132,0.0,0.155,0.001,-0.001,0.0,2456921.14307,0.00025,-0.00025,0.0,0.53,0.03,-0.03,0.0,SuperWASP-South,9.896,0.018000000000000002,0.0,9.547,0.026000000000000002,0.0,-41.52472222222222
3802,K2-277,b,K2-277 b,Transit,0,1,6.326763,0.000355,-0.000361,0.0,0.0675,0.0006,-0.0006,0.0,,,,,,,,,,,,,,0.185,0.011000000000000001,-0.011000000000000001,0.0,,,,,0,0,1,13h28m03.99s,202.01663200000002,-15d56m16.2s,-15.93782,113.53,0.7,-0.7,0.0,113.49,0.7,-0.7,0.0,10.364,0.054000000000000006,0.0,10.121,,0.0,5741.0,65.0,-65.0,0.0,1.02,0.03,-0.03,0.0,0.97,0.02,-0.02,0.0,2018-10-26,1,,,,,,,,,2457221.22958,0.00221,-0.00217,0.0,0.41,0.32,-0.28,0.0,K2,9.081,0.034,0.0,8.748,0.071,0.0,-14.062166666666666
3813,GJ 143,b,GJ 143 b,Transit,0,2,35.61253,0.0006,-0.00062,0.0,0.1915,0.0058,-0.0063,0.0,0.188,0.076,-0.078,0.0,89.33,0.15,-0.11,0.0,0.07142000000000001,0.00692,-0.00598,0.0,Mass,0.233,0.015,-0.013999999999999999,0.0,7.0,1.6,-1.3,0.0,0,0,0,03h26m59.22s,51.746769,-63d29m56.8s,-63.4991,16.33,0.01,-0.01,0.0,16.33,0.01,-0.01,0.0,7.87,,0.0,7.678999999999999,,0.0,4640.0,100.0,-100.0,0.0,0.73,0.07,-0.07,0.0,0.69,0.03,-0.03,0.0,2019-04-25,1,22.7,2.2,-1.9,0.0,0.1345833,0.0017082999999999998,-0.0015833,0.0,2458385.92502,0.00054,-0.00055,0.0,0.587,0.097,-0.15,0.0,Transiting Exoplanet Survey Satellite (TESS),6.081,0.02,0.0,5.524,0.031,0.0,-62.50088888888889
3828,GJ 143,c,HD 21749 c,Transit,0,2,7.78993,0.00051,-0.00044,0.0,0.0695,0.0021,-0.0023,0.0,,,,,88.9,0.5,-0.37,0.0,0.011640000000000001,,,1.0,Mass,0.08,0.006,-0.005,0.0,31.93,,,1.0,0,0,0,03h26m59.22s,51.746769,-63d29m56.8s,-63.4991,16.33,0.01,-0.01,0.0,16.33,0.01,-0.01,0.0,7.87,,0.0,7.678999999999999,,0.0,4640.0,100.0,-100.0,0.0,0.73,0.07,-0.07,0.0,0.69,0.03,-0.03,0.0,2019-04-25,1,3.7,,,1.0,0.10479169999999999,0.0032083,-0.0035832999999999998,0.0,2458371.2287,0.0016,-0.0015,0.0,0.42,0.11,-0.18,0.0,Transiting Exoplanet Survey Satellite (TESS),6.081,0.02,0.0,5.524,0.031,0.0,-62.50088888888889
3834,WASP-140,b,WASP-140 b,Transit,0,1,2.2359835,8e-07,-8e-07,0.0,0.0323,0.0005,-0.0005,0.0,0.047,0.0035,-0.0035,0.0,83.3,0.5,-0.8,0.0,2.44,0.07,-0.07,0.0,Mass,1.44,0.42,-0.18,0.0,1.1,0.5,-0.5,0.0,0,0,0,04h01m32.55s,60.385619999999996,-20d27m03.9s,-20.451092000000003,180.0,30.0,-30.0,0.0,118.0,0.6,-0.6,0.0,11.1,,0.0,10.82,,0.0,5260.0,100.0,-100.0,0.0,0.9,0.04,-0.04,0.0,0.87,0.04,-0.04,0.0,2016-12-01,1,775.5052,22.2481,-22.2481,0.0,0.0631,0.0009,-0.0009,0.0,2456912.35105,0.00015,-0.00015,0.0,0.93,0.07,-0.03,0.0,SuperWASP-South,9.609,0.023,0.0,9.24,0.022000000000000002,0.0,-19.548916666666667
3844,WASP-127,b,WASP-127 b,Transit,0,1,4.178062,2e-06,-2e-06,0.0,0.052,0.0005,-0.0005,0.0,,,,,88.7,0.8,-0.6,0.0,0.18,0.02,-0.02,0.0,Mass,1.37,0.04,-0.04,0.0,0.09,0.013,-0.013,0.0,0,0,0,10h42m14.08s,160.55867,-03d50m06.2s,-3.835064,102.0,12.0,-12.0,0.0,160.23,1.2,-1.2,0.0,10.15,,0.0,10.054,,0.0,5620.0,85.0,-85.0,0.0,1.08,0.03,-0.03,0.0,1.39,0.03,-0.03,0.0,2016-12-01,1,57.2094,6.3566,-6.3566,0.0,0.1795,0.0007,-0.0007,0.0,2457248.74131,0.00016,-0.00016,0.0,0.15,0.09,-0.11,0.0,SuperWASP,9.092,0.023,0.0,8.738,0.053,0.0,-2.164944444444444
3863,K2-266,b,K2-266 b,Transit,0,4,0.658524,1.7e-05,-1.7e-05,0.0,0.013059999999999999,0.0002,-0.00021,0.0,,,,,75.32,0.62,-0.7,0.0,0.03545,0.03578,-0.03578,0.0,Msin(i)/sin(i),0.294,0.161,-0.11599999999999999,0.0,1.77,1.9,-0.88,0.0,0,0,1,10h31m44.51s,157.93544,+00d56m15.3s,0.9375709999999999,77.16,0.6,-0.59,0.0,77.73,0.36,-0.36,0.0,11.808,0.02,0.0,11.353,,0.0,4285.0,49.0,-57.0,0.0,0.69,0.03,-0.03,0.0,0.7,0.02,-0.02,0.0,2018-10-26,1,,,,,0.013890000000000001,0.0012,-0.00085,0.0,2457949.6747,0.0032,-0.0032,0.0,1.011,0.027,-0.024,0.0,K2,9.611,0.027000000000000003,0.0,9.041,0.023,0.0,0.9375833333333333
3864,K2-266,c,K2-266 c,Transit,0,4,7.814,0.0019,-0.0016,0.0,0.0679,0.0011,-0.0011,0.0,0.042,0.043,-0.03,0.0,88.28,0.81,-0.41,0.0,0.00091,0.00054,-0.00054,0.0,Msin(i)/sin(i),0.063,0.009000000000000001,-0.008,0.0,4.51,0.81,-0.67,0.0,0,0,1,10h31m44.51s,157.93544,+00d56m15.3s,0.9375709999999999,77.16,0.6,-0.59,0.0,77.73,0.36,-0.36,0.0,11.808,0.02,0.0,11.353,,0.0,4285.0,49.0,-57.0,0.0,0.69,0.03,-0.03,0.0,0.7,0.02,-0.02,0.0,2018-10-26,1,,,,,0.094,0.016,-0.014,0.0,2457946.651,0.0064,-0.0064,0.0,0.6,0.14,-0.28,0.0,K2,9.611,0.027000000000000003,0.0,9.041,0.023,0.0,0.9375833333333333
3865,K2-266,d,K2-266 d,Transit,0,4,14.697,0.00034,-0.00035,0.0,0.1035,0.0016,-0.0017,0.0,0.047,0.043,-0.032,0.0,89.46,0.32,-0.25,0.0,0.028,0.01793,-0.01196,0.0,Mass,0.261,0.012,-0.011000000000000001,0.0,2.03,0.64,-0.43,0.0,1,0,1,10h31m44.51s,157.93544,+00d56m15.3s,0.9375709999999999,77.16,0.6,-0.59,0.0,77.73,0.36,-0.36,0.0,11.808,0.02,0.0,11.353,,0.0,4285.0,49.0,-57.0,0.0,0.69,0.03,-0.03,0.0,0.7,0.02,-0.02,0.0,2019-07-25,1,8.9,5.7,-3.8,0.0,0.142,0.0014,-0.0015,0.0,2457944.8393,0.0012,-0.0012,0.0,0.29,0.12,-0.17,0.0,K2,9.611,0.027000000000000003,0.0,9.041,0.023,0.0,0.9375833333333333
3866,K2-266,e,K2-266 e,Transit,0,4,19.482,0.0012,-0.0012,0.0,0.1249,0.0019,-0.002,0.0,0.043,0.036,-0.03,0.0,89.45,0.25,-0.18,0.0,0.044989999999999995,0.02014,-0.01573,0.0,Mass,0.244,0.012,-0.01,0.0,2.21,0.7,-0.47,0.0,1,0,1,10h31m44.51s,157.93544,+00d56m15.3s,0.9375709999999999,77.16,0.6,-0.59,0.0,77.73,0.36,-0.36,0.0,11.808,0.02,0.0,11.353,,0.0,4285.0,49.0,-57.0,0.0,0.69,0.03,-0.03,0.0,0.7,0.02,-0.02,0.0,2019-07-25,1,14.3,6.4,-5.0,0.0,0.1527,0.0014,-0.0015,0.0,2457938.541,0.0013,-0.0013,0.0,0.36,0.1,-0.16,0.0,K2,9.611,0.027000000000000003,0.0,9.041,0.023,0.0,0.9375833333333333
3870,TOI-270,b,TOI-270 b,Transit,0,3,3.36008,6.5e-05,-7e-05,0.0,0.0306,0.0033,-0.0057,0.0,0.0,,,0.0,88.65,0.85,-1.4,0.0,,,,,,0.111,0.008,-0.006999999999999999,0.0,,,,,0,0,0,04h33m39.72s,68.4155,-51d57m22.44s,-51.956233000000005,22.45,0.02,-0.02,0.0,22.49,0.01,-0.01,0.0,12.62,0.03,0.0,11.630999999999998,,0.0,3386.0,137.0,-131.0,0.0,0.4,0.02,-0.02,0.0,0.38,0.02,-0.02,0.0,2019-08-01,1,,,,,0.057791699999999994,0.0016667000000000001,-0.0014167,0.0,2458461.01464,0.00084,-0.00093,0.0,0.41,0.26,-0.26,0.0,Transiting Exoplanet Survey Satellite (TESS),9.099,0.027000000000000003,0.0,8.531,0.071,0.0,-50.04376666666666
3871,TOI-270,c,TOI-270 c,Transit,0,3,5.660172,3.5e-05,-3.5e-05,0.0,0.0472,0.003,-0.0033,0.0,0.0,,,0.0,89.53,0.3,-0.42,0.0,,,,,,0.21600000000000003,0.012,-0.012,0.0,,,,,0,0,0,04h33m39.72s,68.4155,-51d57m22.44s,-51.956233000000005,22.45,0.02,-0.02,0.0,22.49,0.01,-0.01,0.0,12.62,0.03,0.0,11.630999999999998,,0.0,3386.0,137.0,-131.0,0.0,0.4,0.02,-0.02,0.0,0.38,0.02,-0.02,0.0,2019-08-01,1,,,,,0.06908330000000001,0.000625,-0.0005,0.0,2458463.08481,0.00025,-0.00025,0.0,0.22,0.17,-0.14,0.0,Transiting Exoplanet Survey Satellite (TESS),9.099,0.027000000000000003,0.0,8.531,0.071,0.0,-50.04376666666666
3872,TOI-270,d,TOI-270 d,Transit,0,3,11.38014,0.00011,-0.0001,0.0,0.0733,0.0042,-0.0042,0.0,0.0,,,0.0,89.69,0.16,-0.12,0.0,,,,,,0.19,0.011000000000000001,-0.011000000000000001,0.0,,,,,0,0,0,04h33m39.72s,68.4155,-51d57m22.44s,-51.956233000000005,22.45,0.02,-0.02,0.0,22.49,0.01,-0.01,0.0,12.62,0.03,0.0,11.630999999999998,,0.0,3386.0,137.0,-131.0,0.0,0.4,0.02,-0.02,0.0,0.38,0.02,-0.02,0.0,2019-08-01,1,,,,,0.0895,0.00075,-0.00075,0.0,2458469.3383400002,0.0005200000000000001,-0.00045999999999999996,0.0,0.224,0.083,-0.11,0.0,Transiting Exoplanet Survey Satellite (TESS),9.099,0.027000000000000003,0.0,8.531,0.071,0.0,-50.04376666666666
3921,K2-229,b,K2-229 b,Transit,0,2,0.58426,2e-05,-2e-05,0.0,0.0131,0.0,0.0,0.0,,,,,,,,,,,,,,0.102,0.005,-0.003,0.0,,,,,0,0,1,12h27m29.58s,186.87326000000002,-06d43m18.7s,-6.721861,103.8,1.0,-1.0,0.0,102.85,1.08,-1.08,0.0,10.985,0.079,0.0,10.786,,0.0,5315.0,35.0,-31.0,0.0,0.87,0.01,-0.01,0.0,0.79,0.01,-0.01,0.0,2018-07-12,1,,,,,,,,,2457583.4691,0.0012,-0.0012,0.0,0.38,0.28,-0.26,0.0,K2,9.517999999999999,0.022000000000000002,0.0,9.126,0.021,0.0,-5.278138888888889
3922,K2-229,c,K2-229 c,Transit,0,2,8.32727,0.00041,-0.00043,0.0,0.0769,0.0003,-0.0003,0.0,,,,,,,,,,,,,,0.18100000000000002,0.011000000000000001,-0.005,0.0,,,,,0,0,1,12h27m29.58s,186.87326000000002,-06d43m18.7s,-6.721861,103.8,1.0,-1.0,0.0,102.85,1.08,-1.08,0.0,10.985,0.079,0.0,10.786,,0.0,5315.0,35.0,-31.0,0.0,0.87,0.01,-0.01,0.0,0.79,0.01,-0.01,0.0,2018-07-12,1,,,,,,,,,2457586.3431,0.0019,-0.0019,0.0,0.39,0.29,-0.27,0.0,K2,9.517999999999999,0.022000000000000002,0.0,9.126,0.021,0.0,-5.278138888888889
3936,K2-198,c,K2-198 c,Transit,0,3,3.3596055,4e-06,-2.1e-06,0.0,,,,,,,,,86.494,0.268,-0.08800000000000001,0.0,,,,,,0.127,0.006999999999999999,-0.003,0.0,,,,,0,0,1,13h15m22.51s,198.84381100000002,-06d27m53.6s,-6.464886,110.91,0.87,-0.87,0.0,110.91,0.87,-0.87,0.0,10.970999999999998,0.1,0.0,10.995999999999999,,0.0,5212.9,99.0,-49.2,0.0,0.8,0.09,-0.04,0.0,0.76,0.04,-0.02,0.0,2019-08-15,1,,,,,,,,,2457215.032,0.0019,-0.0017,0.0,0.715,0.03,-0.012,0.0,K2,9.741,0.024,0.0,9.312999999999999,0.024,0.0,-5.535111111111111
3937,K2-198,d,K2-198 d,Transit,0,3,7.4500177,5.2e-06,-2.6e-06,0.0,,,,,,,,,89.86,0.68,-0.3,0.0,,,,,,0.218,0.012,-0.005,0.0,,,,,0,0,1,13h15m22.51s,198.84381100000002,-06d27m53.6s,-6.464886,110.91,0.87,-0.87,0.0,110.91,0.87,-0.87,0.0,10.970999999999998,0.1,0.0,10.995999999999999,,0.0,5212.9,99.0,-49.2,0.0,0.8,0.09,-0.04,0.0,0.76,0.04,-0.02,0.0,2019-08-15,1,,,,,,,,,2457213.5759,0.001,-0.001,0.0,0.047,0.226,-0.104,0.0,K2,9.741,0.024,0.0,9.312999999999999,0.024,0.0,-5.535111111111111
3938,LTT 1445 A,b,LTT 1445 A b,Transit,0,1,5.35882,0.0003,-0.00031,0.0,0.03807,0.0006799999999999999,-0.0007099999999999999,0.0,0.19,0.35,-0.14,0.0,89.4,0.41,-0.46,0.0,0.00692,0.00535,-0.0066099999999999996,0.0,Mass,0.12300000000000001,0.012,-0.011000000000000001,0.0,4.4,4.0,-4.2,0.0,0,0,0,03h01m51.39s,45.464110999999995,-16d35m36.1s,-16.593372,6.87,0.0,-0.0,0.0,6.87,0.0,-0.0,0.0,11.22,0.02,0.0,10.047,,0.0,3337.0,150.0,-150.0,0.0,0.26,0.01,-0.01,0.0,0.28,0.02,-0.02,0.0,2019-08-15,1,2.2,1.7,-2.1,0.0,0.0574,0.0011,-0.0011,0.0,2458423.4262900003,0.00044,-0.00045,0.0,0.29,0.23,-0.2,0.0,Transiting Exoplanet Survey Satellite (TESS),7.294,0.024,0.0,6.774,0.038,0.0,-15.406638888888889
3949,GJ 9827,b,GJ 9827 b,Transit,0,3,1.2089819,6.93e-06,-7.14e-06,0.0,0.0188,0.0002,-0.00014,0.0,0.0,,,0.0,86.07,0.41,-0.34,0.0,0.01545,0.0015400000000000001,-0.0015400000000000001,0.0,Mass,0.141,0.002,-0.003,0.0,6.93,0.82,-0.76,0.0,0,0,1,23h27m04.83s,351.77014199999996,-01d17m10.6s,-1.286273,29.69,0.05,-0.05,0.0,29.69,0.05,-0.05,0.0,10.25,0.138,0.0,9.838,,0.0,4340.0,40.0,-53.0,0.0,0.61,0.02,-0.01,0.0,0.6,0.01,-0.0,0.0,2019-08-29,1,4.91,0.49,-0.49,0.0,0.0527,0.00093,-0.0008300000000000001,0.0,2457738.8258599997,0.00026000000000000003,-0.00026000000000000003,0.0,0.4602,0.0352,-0.0443,0.0,K2,7.984,0.02,0.0,7.379,0.042,0.0,-0.7137222222222223
3950,GJ 9827,c,GJ 9827 c,Transit,0,3,3.6480957,6.33e-05,-6.21e-05,0.0,0.03925,0.00042,-0.00029,0.0,0.0,,,0.0,88.19,0.21,-0.18,0.0,0.00264,,,0.0,Mass,0.111,0.002,-0.002,0.0,2.42,,,0.0,0,0,1,23h27m04.83s,351.77014199999996,-01d17m10.6s,-1.286273,29.69,0.05,-0.05,0.0,29.69,0.05,-0.05,0.0,10.25,0.138,0.0,9.838,,0.0,4340.0,40.0,-53.0,0.0,0.61,0.02,-0.01,0.0,0.6,0.01,-0.0,0.0,2019-08-29,1,0.84,,,0.0,0.07604,0.0015400000000000001,-0.0015400000000000001,0.0,2457742.1993,0.00072,-0.00073,0.0,0.4428,0.0415,-0.0483,0.0,K2,7.984,0.02,0.0,7.379,0.042,0.0,-0.7137222222222223
3951,GJ 9827,d,GJ 9827 d,Transit,0,3,6.2014698,6.26e-05,-6.11e-05,0.0,0.05591,0.00059,-0.00041,0.0,0.0,,,0.0,87.443,0.045,-0.045,0.0,0.012709999999999999,0.0025800000000000003,-0.00264,0.0,Mass,0.18,0.004,-0.004,0.0,2.69,0.58,-0.57,0.0,0,0,1,23h27m04.83s,351.77014199999996,-01d17m10.6s,-1.286273,29.69,0.05,-0.05,0.0,29.69,0.05,-0.05,0.0,10.25,0.138,0.0,9.838,,0.0,4340.0,40.0,-53.0,0.0,0.61,0.02,-0.01,0.0,0.6,0.01,-0.0,0.0,2019-08-29,1,4.04,0.82,-0.84,0.0,0.05095,0.00147,-0.00122,0.0,2457740.96115,0.00044,-0.00045,0.0,0.8927,0.0071,-0.009,0.0,K2,7.984,0.02,0.0,7.379,0.042,0.0,-0.7137222222222223
3991,HD 15337,b,HD 15337 b,Transit,0,2,4.75615,0.00017,-0.00017,0.0,0.0522,0.0012,-0.0012,0.0,0.09,0.05,-0.05,0.0,88.5,0.6,-0.4,0.0,0.02363,0.00343,-0.00318,0.0,Mass,0.146,0.005,-0.005,0.0,9.3,1.81,-1.58,0.0,0,0,0,02h27m28.38s,36.86824,-27d38m06.7s,-27.635206,44.87,0.07,-0.07,0.0,44.87,0.07,-0.07,0.0,9.088,0.018000000000000002,0.0,8.856,,0.0,5125.0,50.0,-50.0,0.0,0.9,0.03,-0.03,0.0,0.86,0.02,-0.02,0.0,2019-05-16,1,7.51,1.09,-1.01,0.0,0.10375,0.0025,-0.0025,0.0,2458411.4615599997,0.0009400000000000001,-0.00119,0.0,0.33,0.09,-0.14,0.0,Transiting Exoplanet Survey Satellite (TESS),7.553,0.019,0.0,7.215,0.034,0.0,-26.364805555555556
3992,HD 15337,c,HD 15337 c,Transit,0,2,17.1784,0.0016,-0.0016,0.0,0.1268,0.0038,-0.0038,0.0,0.05,0.06,-0.04,0.0,88.5,0.2,-0.1,0.0,0.025519999999999998,0.00573,-0.00532,0.0,Mass,0.213,0.011000000000000001,-0.011000000000000001,0.0,3.23,0.9,-0.72,0.0,0,0,0,02h27m28.38s,36.86824,-27d38m06.7s,-27.635206,44.87,0.07,-0.07,0.0,44.87,0.07,-0.07,0.0,9.088,0.018000000000000002,0.0,8.856,,0.0,5125.0,50.0,-50.0,0.0,0.9,0.03,-0.03,0.0,0.86,0.02,-0.02,0.0,2019-05-16,1,8.11,1.82,-1.69,0.0,0.09375,0.0083333,-0.0045833,0.0,2458414.5501,0.0015,-0.0015,0.0,0.87,0.01,-0.02,0.0,Transiting Exoplanet Survey Satellite (TESS),7.553,0.019,0.0,7.215,0.034,0.0,-26.364805555555556
4025,K2-233,c,K2-233 c,Transit,0,3,7.06142,0.00084,-0.00084,0.0,0.06687,0.00088,-0.0009,0.0,0.0,,,0.0,88.95,0.61,-0.47,0.0,,,,,,0.11900000000000001,0.006999999999999999,-0.006999999999999999,0.0,,,,,0,0,1,15h21m55.20s,230.47997999999998,-20d13m54.1s,-20.231684,67.64,0.28,-0.28,0.0,67.64,0.28,-0.28,0.0,10.725999999999999,0.019,0.0,10.419,,0.0,4950.0,100.0,-100.0,0.0,0.8,0.03,-0.03,0.0,0.74,0.03,-0.03,0.0,2018-04-26,1,,,,,0.11041669999999999,0.0054167,-0.00625,0.0,2457996.3522,0.0056,-0.0057,0.0,0.36,0.15,-0.21,0.0,K2,8.968,0.02,0.0,8.501,0.026000000000000002,0.0,-19.768305555555557
4026,K2-233,d,K2-233 d,Transit,0,3,24.3662,0.0021,-0.0021,0.0,0.1527,0.002,-0.0021,0.0,0.0,,,0.0,89.35,0.12,-0.11,0.0,,,,,,0.23600000000000002,0.01,-0.01,0.0,,,,,0,0,1,15h21m55.20s,230.47997999999998,-20d13m54.1s,-20.231684,67.64,0.28,-0.28,0.0,67.64,0.28,-0.28,0.0,10.725999999999999,0.019,0.0,10.419,,0.0,4950.0,100.0,-100.0,0.0,0.8,0.03,-0.03,0.0,0.74,0.03,-0.03,0.0,2018-04-26,1,,,,,0.15866670000000002,0.0037083,-0.0036667,0.0,2458005.5801,0.0025,-0.0024,0.0,0.5,0.065,-0.079,0.0,K2,8.968,0.02,0.0,8.501,0.026000000000000002,0.0,-19.768305555555557
4030,K2-233,b,K2-233 b,Transit,0,3,2.46746,0.00014,-0.00014,0.0,0.03317,0.00044,-0.00045,0.0,0.0,,,0.0,88.79,0.82,-0.94,0.0,,,,,,0.125,0.006,-0.005,0.0,,,,,0,0,1,15h21m55.20s,230.47997999999998,-20d13m54.1s,-20.231684,67.64,0.28,-0.28,0.0,67.64,0.28,-0.28,0.0,10.725999999999999,0.019,0.0,10.419,,0.0,4950.0,100.0,-100.0,0.0,0.8,0.03,-0.03,0.0,0.74,0.03,-0.03,0.0,2018-04-26,1,,,,,0.0820417,0.0025833,-0.002625,0.0,2457991.691,0.0026,-0.0025,0.0,0.2,0.15,-0.14,0.0,K2,8.968,0.02,0.0,8.501,0.026000000000000002,0.0,-19.768305555555557
4034,WASP-185,b,WASP-185 b,Transit,0,1,9.38755,2e-05,-2e-05,0.0,0.0904,0.0017,-0.0017,0.0,0.24,0.04,-0.04,0.0,86.8,0.3,-0.3,0.0,0.98,0.06,-0.06,0.0,Mass,1.25,0.08,-0.08,0.0,0.66,0.16,-0.16,0.0,0,0,0,14h16m14.31s,214.059625,-19d32m32.2s,-19.542278,275.0,6.0,-6.0,0.0,281.56,3.43,-3.43,0.0,,,,10.895,,0.0,5900.0,100.0,-100.0,0.0,1.12,0.06,-0.06,0.0,1.5,0.08,-0.08,0.0,2019-10-10,1,311.4734,19.0698,-19.0698,0.0,0.192,0.006,-0.006,0.0,2456935.982,0.002,-0.002,0.0,0.81,0.03,-0.03,0.0,WASP-South,9.873,0.025,0.0,9.601,0.024,0.0,-18.45772222222222
4092,L 98-59,b,L 98-59 b,Transit,0,3,2.2531,0.0004,-0.0004,0.0,0.02282,8e-05,-8e-05,0.0,0.12,,,1.0,,,,,0.00318,,,1.0,Mass,0.071,0.004,-0.004,0.0,12.7,,,1.0,0,0,0,08h18m07.62s,124.53175,-68d18m46.80s,-68.313,10.62,0.0,-0.0,0.0,10.62,0.0,-0.0,0.0,11.685,0.017,0.0,10.597999999999999,,0.0,3412.0,49.0,-49.0,0.0,0.31,0.03,-0.03,0.0,0.31,0.01,-0.01,0.0,2020-04-16,1,1.01,,,1.0,,,,,2458366.1708,0.0001,-0.0001,0.0,,,,,Transiting Exoplanet Survey Satellite (TESS),7.933,0.021,0.0,7.359,0.047,0.0,-67.687
4093,L 98-59,c,L 98-59 c,Transit,0,3,3.6904,0.0003,-0.0003,0.0,0.0317,0.0001,-0.0001,0.0,0.07,,,1.0,,,,,0.00761,0.0011,-0.00107,0.0,Mass,0.12,0.006,-0.006,0.0,5.4,1.3,-1.0,0.0,0,0,0,08h18m07.62s,124.53175,-68d18m46.80s,-68.313,10.62,0.0,-0.0,0.0,10.62,0.0,-0.0,0.0,11.685,0.017,0.0,10.597999999999999,,0.0,3412.0,49.0,-49.0,0.0,0.31,0.03,-0.03,0.0,0.31,0.01,-0.01,0.0,2020-04-16,1,2.42,0.35,-0.34,0.0,,,,,2458367.2752,0.0006,-0.0006,0.0,,,,,Transiting Exoplanet Survey Satellite (TESS),7.933,0.021,0.0,7.359,0.047,0.0,-67.687
4094,L 98-59,d,L 98-59 d,Transit,0,3,7.4512,0.0007,-0.0007,0.0,0.0506,0.0002,-0.0002,0.0,0.09,,,1.0,,,,,0.00727,0.00145,-0.0014199999999999998,0.0,Mass,0.14,0.012,-0.012,0.0,3.3,1.3,-0.9,0.0,0,0,0,08h18m07.62s,124.53175,-68d18m46.80s,-68.313,10.62,0.0,-0.0,0.0,10.62,0.0,-0.0,0.0,11.685,0.017,0.0,10.597999999999999,,0.0,3412.0,49.0,-49.0,0.0,0.31,0.03,-0.03,0.0,0.31,0.01,-0.01,0.0,2020-04-16,1,2.31,0.46,-0.45,0.0,,,,,2458362.7376,0.0009,-0.0009,0.0,,,,,Transiting Exoplanet Survey Satellite (TESS),7.933,0.021,0.0,7.359,0.047,0.0,-67.687
4107,GJ 357,b,GJ 357 b,Transit,0,3,3.93072,8e-05,-6e-05,0.0,0.035,0.002,-0.002,0.0,,,,,89.12,0.37,-0.31,0.0,0.00579,0.00098,-0.00098,0.0,Mass,0.109,0.006999999999999999,-0.006999999999999999,0.0,5.6,1.7,-1.3,0.0,0,0,0,09h36m01.64s,144.006821,-21d39m38.9s,-21.660797,9.44,0.01,-0.01,0.0,9.44,0.01,-0.01,0.0,10.92,0.03,0.0,9.88,,0.0,3505.0,51.0,-51.0,0.0,0.34,0.01,-0.01,0.0,0.34,0.01,-0.01,0.0,2019-08-15,1,1.84,0.31,-0.31,0.0,0.06375,0.005,-0.0045833,0.0,2458517.99862,0.00039,-0.00037999999999999997,0.0,0.34,0.1,-0.14,0.0,Transiting Exoplanet Survey Satellite (TESS),7.337000000000001,0.034,0.0,6.74,0.033,0.0,-20.339194444444445
4114,WASP-107,b,WASP-107 b,Transit,0,1,5.72149,2e-06,-2e-06,0.0,0.055,0.001,-0.001,0.0,0.0,,,0.0,89.7,0.2,-0.2,0.0,0.12,0.01,-0.01,0.0,Mass,0.94,0.02,-0.02,0.0,0.19,0.03,-0.03,0.0,0,0,0,12h33m32.85s,188.38687099999999,-10d08m46.1s,-10.146149000000001,64.86,0.26,-0.26,0.0,64.86,0.26,-0.26,0.0,11.470999999999998,0.196,0.0,11.174000000000001,,0.0,4430.0,120.0,-120.0,0.0,0.69,0.05,-0.05,0.0,0.66,0.02,-0.02,0.0,2017-08-17,1,38.1396,3.1783,-3.1783,0.0,0.1147,0.0003,-0.0003,0.0,2456514.4106,0.0001,-0.0001,0.0,0.09,0.07,-0.07,0.0,SuperWASP-South,9.378,0.021,0.0,8.777000000000001,0.026000000000000002,0.0,-9.853861111111112
4120,K2-129,b,K2-129 b,Transit,0,1,8.239493,0.000292,-0.000291,0.0,0.057,0.003,-0.004,0.0,0.13,0.21010500000000001,-0.10950399999999999,0.0,89.21,0.5,-0.48,0.0,,,,,,0.09300000000000001,0.009000000000000001,-0.008,0.0,,,,,0,0,1,19h16m35.60s,289.14831499999997,-25d38m41.9s,-25.644964,27.82,0.07,-0.07,0.0,27.82,0.07,-0.07,0.0,13.63,0.034,0.0,12.462,,0.0,3459.09,89.05,-83.62,0.0,0.36,0.07,-0.07,0.0,0.36,0.03,-0.03,0.0,2017-10-05,1,,,,,,,,,2457335.009,0.001,-0.001,0.0,,,,,K2,9.697000000000001,0.022000000000000002,0.0,9.102,0.023,0.0,-24.355027777777778
4122,K2-116,b,K2-116 b,Transit,0,1,4.655411,0.000486,-0.000473,0.0,0.048,0.002,-0.002,0.0,0.06,0.141966,-0.053272,0.0,89.09,0.62,-0.71,0.0,,,,,,0.062,0.004,-0.004,0.0,,,,,0,0,1,22h24m36.39s,336.151611,-11d34m43.3s,-11.578691000000001,49.46,0.12,-0.12,0.0,49.46,0.12,-0.12,0.0,10.91,0.10099999999999999,0.0,10.328,,0.0,4348.35,86.1,-87.78,0.0,0.69,0.07,-0.07,0.0,0.67,0.03,-0.03,0.0,2017-10-05,1,,,,,,,,,2456979.948,0.004,-0.004,0.0,,,,,K2,8.597000000000001,0.028999999999999998,0.0,8.02,0.045,0.0,-10.421305555555556
4145,Wolf 503,b,Wolf 503 b,Transit,0,1,6.00118,8e-05,-0.00011,0.0,0.0571,0.002,-0.002,0.0,,,,,,,,,,,,,,0.18100000000000002,0.006999999999999999,-0.006999999999999999,0.0,,,,,0,0,1,13h47m23.44s,206.847687,-06d08m12.7s,-6.136875,44.58,0.1,-0.1,0.0,44.58,0.1,-0.1,0.0,10.26,0.02,0.0,9.898,,0.0,4716.0,60.0,-60.0,0.0,0.69,0.02,-0.02,0.0,0.69,0.03,-0.02,0.0,2018-09-06,1,,,,,0.05504169999999999,0.002125,-0.001625,0.0,2458185.36087,0.00053,-0.00037999999999999997,0.0,0.387,0.067,-0.061,0.0,K2,8.324,0.019,0.0,7.774,0.051,0.0,-5.863138888888889
4150,K2-287,b,K2-287 b,Transit,0,1,14.893291,2.5e-05,-2.5e-05,0.0,0.1206,0.0008,-0.0008,0.0,0.478,0.025,-0.026,0.0,88.13,0.1,-0.08,0.0,0.315,0.027,-0.027,0.0,Mass,0.847,0.013000000000000001,-0.013000000000000001,0.0,,,,,0,0,1,15h32m17.84s,233.074341,-22d21m29.7s,-22.358261,159.05,1.29,-1.29,0.0,159.05,1.29,-1.29,0.0,11.41,0.129,0.0,11.067,,0.0,5695.0,58.0,-58.0,0.0,1.06,0.02,-0.02,0.0,1.07,0.01,-0.01,0.0,2019-01-10,1,100.11645,8.58141,-8.58141,0.0,,,,,2458001.72138,0.00016,-0.00016,0.0,,,,,K2,9.677,0.023,0.0,9.283,0.025,0.0,-21.64175
4157,TOI-1130,b,TOI-1130 b,Transit,0,2,4.066499,4.6e-05,-4.5e-05,0.0,0.04394,0.00035,-0.00037999999999999997,0.0,0.22,0.11,-0.11,0.0,87.98,0.86,-0.46,0.0,,,,,,0.326,0.009000000000000001,-0.009000000000000001,0.0,,,,,0,0,0,19h05m30.24s,286.376,-41d26m15.49s,-41.437636,58.36,0.17,-0.17,0.0,58.36,0.17,-0.17,0.0,11.368,,0.0,10.902999999999999,,0.0,4250.0,67.0,-67.0,0.0,0.68,0.02,-0.02,0.0,0.69,0.01,-0.01,0.0,2020-04-02,1,,,,,0.09583330000000001,0.0075,-0.0058333,0.0,2458658.74627,0.00072,-0.0006799999999999999,0.0,0.48,0.11,-0.21,0.0,Transiting Exoplanet Survey Satellite (TESS),9.055,0.015,0.0,8.493,0.057,0.0,-40.56236388888889
4158,TOI-1130,c,TOI-1130 c,Transit,0,2,8.350381,3.2e-05,-3.3e-05,0.0,0.07098,0.00056,-0.0006,0.0,0.047,0.04,-0.027,0.0,87.43,0.16,-0.16,0.0,0.974,0.043,-0.044,0.0,Mass,1.5,0.27,-0.22,0.0,0.38,0.24,-0.15,0.0,0,0,0,19h05m30.24s,286.376,-41d26m15.49s,-41.437636,58.36,0.17,-0.17,0.0,58.36,0.17,-0.17,0.0,11.368,,0.0,10.902999999999999,,0.0,4250.0,67.0,-67.0,0.0,0.68,0.02,-0.02,0.0,0.69,0.01,-0.01,0.0,2020-04-02,1,309.56642,13.66669,-13.984520000000002,0.0,0.0841667,0.0018333,-0.0018333,0.0,2458657.9046099996,0.00021,-0.00022,0.0,0.995,0.046,-0.043,0.0,Transiting Exoplanet Survey Satellite (TESS),9.055,0.015,0.0,8.493,0.057,0.0,-40.56236388888889
